7.451141087275439038e-05
9.170433744166993134e-05
1.042237931819293251e-04
1.131082537941348120e-04
1.191297069081169267e-04
1.228301289813357180e-04
1.247335189245685173e-04
1.251714570317576927e-04
1.244879836440181012e-04
1.228651189463636332e-04
1.206138273428189342e-04
1.178131441789064221e-04
1.146215151676532596e-04
1.112203799392855273e-04
1.076585112175404456e-04
1.039795255582995592e-04
1.002976427516029238e-04
9.668185094083266769e-05
9.314650770799846478e-05
8.970024903354450324e-05
8.637552873485033491e-05
8.319773053792223910e-05
8.018460338223210764e-05
7.733404215518475391e-05
7.465005845079789764e-05
7.212439810379893900e-05
6.974301221668065601e-05
6.750067411212930463e-05
6.539284044894864924e-05
6.341965090209711092e-05
6.157677958592563472e-05
5.986084202720867974e-05
5.825153826147346024e-05
5.673530426184963385e-05
5.529825232100280089e-05
5.393315090751039882e-05
5.263806110025366094e-05
5.140781981643435431e-05
5.022799313057487396e-05
4.908891757793671588e-05
4.798967383242952846e-05
4.692172806389289288e-05
4.587783273493085121e-05
4.485827993851919339e-05
4.385735414459187030e-05
4.287083977578953759e-05
4.190037520774507717e-05
4.094167133157520990e-05
3.999453333930125449e-05
3.905915156596576483e-05
3.813530916493121825e-05
3.722203322808976454e-05
3.632244703251814877e-05
3.543513237746269916e-05
3.456291512125985615e-05
3.370595471814051254e-05
3.286618143361870546e-05
3.204411350866915247e-05
3.124166288910146754e-05
3.045929512298326273e-05
2.969841132111295524e-05
2.896064055228196954e-05
2.824654826076985621e-05
2.755614275593055938e-05
2.689025832383924657e-05
2.624915660048421007e-05
2.563094902052884591e-05
2.504065434081967101e-05
2.447273439993729560e-05
2.393231982273997103e-05
2.341255768842897807e-05
2.291564189550401813e-05
2.244151460268835362e-05
2.198947167679972560e-05
2.155803142946345881e-05
2.114348770901816407e-05
2.074750452015356313e-05
2.036980572799540549e-05
2.000817603849927069e-05
1.965841172240006008e-05
1.932298881944733896e-05
1.900183247630669663e-05
1.868885292095301648e-05
1.838575446423112162e-05
1.809411445351667138e-05
1.780846386736252009e-05
1.752929693694043351e-05
1.725829106408133823e-05
1.699176652869331956e-05
1.672899274427287186e-05
1.647197621516031604e-05
1.621831301771846468e-05
1.596701817154457922e-05
1.571903721232128772e-05
1.547435278393733508e-05
1.523121013184019694e-05
1.498980930558336283e-05
1.475260195135428168e-05
1.451575427664728961e-05
1.428151280381141049e-05
1.405074090909190568e-05
1.382083722297362161e-05
1.359476273318239846e-05
1.337047475567180485e-05
1.314962749080433131e-05
1.293085292903124786e-05
1.271726665163064359e-05
1.250626622879963627e-05
1.229863459662014586e-05
1.209561222256561424e-05
1.189679794903462442e-05
1.170203634604947378e-05
1.151156645711749343e-05
1.132578738384771028e-05
1.114494205558522480e-05
1.096862033664926555e-05
1.079727248260425792e-05
1.063003925863866938e-05
1.046828164350877607e-05
1.031098014854299092e-05
1.015880239268365833e-05
1.000994112573592136e-05
9.866874707782247815e-06
9.727132317316149784e-06
9.592707800411052379e-06
9.460254414823116015e-06
9.334245703890881949e-06
9.209428212720895056e-06
9.090282981927242748e-06
8.971796000478939650e-06
8.859070783776161720e-06
8.747466162628781745e-06
8.639466975396410773e-06
8.532785598564158165e-06
8.428928356319469319e-06
8.327930567668844267e-06
8.227317704544075353e-06
8.129636303952917286e-06
8.032853159775154379e-06
7.938076305195073578e-06
7.844474508068235584e-06
7.751780761769869974e-06
7.660412492928094381e-06
7.570226784560771095e-06
7.480805756674093953e-06
7.392625778051853955e-06
7.304868431514905059e-06
7.218337256179733226e-06
7.132456568132326771e-06
7.047076080278901153e-06
6.963353730767088897e-06
6.879578632814908110e-06
6.797030667288004610e-06
6.715265769466389598e-06
6.633938244966484445e-06
6.554427415209853586e-06
6.475423531153779462e-06
6.397181691978349418e-06
6.320254543716421560e-06
6.244026292369380835e-06
6.169120553043313303e-06
6.095777892653369873e-06
6.022893083858722818e-06
5.951127812899734659e-06
5.881215008945975641e-06
5.812105365078910957e-06
5.744161116492253169e-06
5.678191680484424500e-06
5.612579937580458780e-06
5.548500314228209715e-06
5.486204509448793031e-06
5.424233373787755384e-06
5.363950299783672379e-06
5.305482118341195034e-06
5.247217877221589616e-06
5.190787110906659369e-06
5.135675335892733563e-06
5.080650796893019357e-06
5.027408552784585475e-06
4.975525942513446308e-06
4.923902799776279519e-06
4.873708624484824264e-06
4.824632063789347770e-06
4.775723788004093043e-06
4.728014927385061100e-06
4.681439980565876828e-06
4.635183821063540781e-06
4.589547668451103037e-06
4.545036365306636292e-06
4.500935955030069305e-06
4.457319286881672733e-06
4.414519883109846686e-06
4.372195819105724551e-06
4.330283501057218811e-06
4.288889981279365551e-06
4.248018771776231408e-06
4.207702187768382507e-06
4.167669567347043124e-06
4.127984905934306876e-06
4.088955069449845336e-06
4.050160396556023454e-06
4.011612241760160921e-06
3.973659624443529143e-06
3.936286789740271376e-06
3.898918763846125392e-06
3.861880588168847254e-06
3.825591805480988588e-06
3.789579404964673051e-06
3.753675501849087973e-06
3.718342584888262208e-06
3.683577652067556396e-06
3.649048682000339142e-06
3.614721520975189899e-06
3.580883458141511483e-06
3.547852656233906608e-06
3.514873721275058146e-06
3.482238842606522561e-06
3.450123303497429995e-06
3.418733257705215727e-06
3.387460078238571480e-06
3.356371993302525130e-06
3.326160748403402764e-06
3.296424699646504063e-06
3.266825311507414050e-06
3.237360849106279218e-06
3.208903446256683912e-06
3.180832117080601152e-06
3.152789460635184505e-06
3.125015537673788528e-06
3.098268091376548946e-06
3.071705511516144546e-06
3.045297096160960757e-06
3.019094167442034459e-06
2.993753179742243240e-06
2.968609496872538780e-06
2.943636738972642996e-06
2.918978291427224834e-06
2.894846316850260661e-06
2.870956409915818240e-06
2.847288625081977929e-06
2.823964701577862972e-06
2.800984171198204672e-06
2.778174186902464152e-06
2.755700131701314360e-06
2.733534301057273381e-06
2.711518784880391811e-06
2.689734426639034266e-06
2.668161410219716234e-06
2.646959422583605913e-06
2.625962475204670551e-06
2.604990066070060011e-06
2.584247376585852118e-06
2.563934276969596878e-06
2.543832176673685472e-06
2.523755137233273380e-06
2.503824662031304174e-06
2.484175060821680855e-06
2.464870200732950956e-06
2.445643041766692396e-06
2.426524076234916609e-06
2.407531093697668699e-06
2.388812425690950156e-06
2.370422164295786587e-06
2.352146774814984555e-06
2.333946406218502946e-06
2.315823844666675507e-06
2.298134858829092888e-06
2.280623448858085202e-06
2.263235383305807180e-06
2.245909791052200531e-06
2.228722532004008095e-06
2.211952005639309153e-06
2.195351420850614775e-06
2.178838008905232178e-06
2.162401560960594213e-06
2.146229157703565559e-06
2.130371488740501490e-06
2.114580762706798528e-06
2.098914461941882190e-06
2.083352307421922498e-06
2.068138533064089121e-06
2.053050385619553565e-06
2.038044254479097958e-06
2.023197795595789112e-06
2.008525635742859589e-06
1.994219402359593624e-06
1.979981760928227836e-06
1.965772345838440899e-06
1.951656716549733269e-06
1.937773999474710848e-06
1.924186154127834317e-06
1.910652227191756194e-06
1.897167456990520670e-06
1.883782434963532469e-06
1.870609961441484753e-06
1.857706808510053110e-06
1.844883647911289272e-06
1.832110938836210487e-06
1.819430471120227005e-06
1.806864732340912531e-06
1.794526067449538533e-06
1.782290923357698275e-06
1.770115559475668936e-06
1.758045404535421279e-06
1.746086667911394871e-06
1.734231111044759278e-06
1.722621554575655742e-06
1.711049011664358458e-06
1.699521344526490606e-06
1.688066780210248791e-06
1.676684857622307899e-06
1.665518627413647160e-06
1.654516468230390017e-06
1.643548782904794823e-06
1.632653096617842725e-06
1.621798046005133003e-06
1.611035786178252491e-06
1.600525413899179825e-06
1.590054866113195997e-06
1.579592496231013598e-06
1.569209526824647542e-06
1.558908647306825764e-06
1.548760340497332452e-06
1.538854480850183107e-06
1.528978947465358699e-06
1.519118102443970000e-06
1.509262319637917981e-06
1.499442844484010275e-06
1.489747574538390761e-06
1.480322665009702964e-06
1.470988459565887823e-06
1.461680391819388371e-06
1.452400899909668957e-06
1.443182628237000335e-06
1.434050944526541187e-06
1.424996045961976656e-06
1.416123103749412543e-06
1.407326577091307412e-06
1.398581358279420470e-06
1.389890202684175251e-06
1.381255984223075032e-06
1.372676991444689621e-06
1.364169161471761610e-06
1.355782216341730228e-06
1.347483329988254726e-06
1.339277740704025589e-06
1.331144938955637195e-06
1.323054778576153452e-06
1.315015041463612409e-06
1.307051458100897760e-06
1.299181262448918769e-06
1.291378693018863778e-06
1.283645094276198784e-06
1.275940235581856877e-06
1.268301676457279564e-06
1.260721422671476527e-06
1.253250334422643788e-06
1.245824750095570721e-06
1.238450907987645270e-06
1.231143497284101711e-06
1.223897765756530322e-06
1.216716028372182938e-06
1.209596602412337108e-06
1.202529857881502655e-06
1.195494035876399466e-06
1.188522174240616970e-06
1.181611282178023981e-06
1.174776651767212655e-06
1.167978985294380985e-06
1.161263220312668863e-06
1.154583198576074691e-06
1.147953685244032607e-06
1.141371671266694076e-06
1.134826257768113173e-06
1.128350082149654253e-06
1.121936654292067533e-06
1.115567216875885684e-06
1.109263912262093459e-06
1.102977558956379372e-06
1.096778230901996111e-06
1.090615383203848208e-06
1.084482954438756663e-06
1.078412490696203603e-06
1.072373355911111526e-06
1.066389982584649824e-06
1.060436503152347986e-06
1.054524454722466594e-06
1.048667298355418173e-06
1.042880302468861233e-06
1.037168448088174539e-06
1.031473319307879622e-06
1.025816681661813987e-06
1.020224256258011205e-06
1.014650606050686635e-06
1.009110831265545476e-06
1.003604462032010751e-06
9.981413696078116318e-07
9.927374297912898929e-07
9.873961187565507313e-07
9.820593349806911068e-07
9.767895684555647808e-07
9.715902042135446084e-07
9.663926101044320202e-07
9.611985361395694180e-07
9.560940278600531971e-07
9.510058540743240035e-07
9.459298648006530596e-07
9.409132544471850865e-07
9.359692264024701211e-07
9.310379662763448542e-07
9.261361351654254442e-07
9.213034533164800998e-07
9.165062241271060353e-07
9.117234269886829562e-07
9.069647782221028227e-07
9.022414710125072887e-07
8.975372296430054037e-07
8.928718819044165919e-07
8.882614656351720158e-07
8.836846061055622900e-07
8.791327288296272746e-07
8.746187595026577571e-07
8.701342050834372226e-07
8.656952176297445814e-07
8.612779728370330309e-07
8.568695966466769778e-07
8.525154155526111811e-07
8.482026368773921085e-07
8.439241654143779112e-07
8.396869107895349061e-07
8.354506651252275316e-07
8.312489254327271101e-07
8.270505274390846118e-07
8.228823760202951314e-07
8.187414135180684074e-07
8.146307493335193818e-07
8.105924773775006079e-07
8.065873690382012488e-07
8.026135195870174089e-07
7.986656493089127937e-07
7.947280674833763442e-07
7.908126908450469619e-07
7.869045040054546458e-07
7.830066692097136136e-07
7.791319699295973894e-07
7.753375656942197476e-07
7.715647903950126700e-07
7.678062342811614051e-07
7.641063404419551524e-07
7.604220360560971422e-07
7.567463691295547024e-07
7.530807651493908170e-07
7.494152610378759895e-07
7.457912123974797519e-07
7.422208203249377154e-07
7.386815799692557829e-07
7.351731000276590207e-07
7.316667664750851708e-07
7.281796551247429314e-07
7.246969447665282388e-07
7.212142344083156638e-07
7.177715529538789202e-07
7.144022426840326513e-07
7.110586548452673107e-07
7.077332093463642583e-07
7.044122144960557699e-07
7.011005630852724765e-07
6.978082326492808422e-07
6.945362928769100427e-07
6.912955929272499856e-07
6.881057175103608692e-07
6.849294454747564393e-07
6.817548966035880011e-07
6.786110530589091509e-07
6.754800538552815572e-07
6.723490546605983137e-07
6.692184440083062963e-07
6.661178617691788220e-07
6.630725914412664160e-07
6.600633095928381829e-07
6.570621237245979947e-07
6.540768580874663448e-07
6.511140785609603092e-07
6.481560471984195944e-07
6.452043824749554024e-07
6.422685172396897971e-07
6.393667959945164260e-07
6.364806992918958521e-07
6.336298165733337430e-07
6.308031731993211787e-07
6.279823570450059469e-07
6.251788459756875999e-07
6.223922646043392246e-07
6.196139888238856427e-07
6.168530237016039833e-07
6.140986844981610045e-07
6.113714376694217049e-07
6.086509888547537300e-07
6.059525416736438230e-07
6.032797059025728726e-07
6.006440205103638550e-07
5.980340605486388300e-07
5.954382746092851746e-07
5.928424890288718949e-07
5.902516691391209271e-07
5.876806869331551603e-07
5.851103391974112343e-07
5.825414506371388640e-07
5.799917859685859975e-07
5.774583460660848417e-07
5.749648587078355776e-07
5.725108096584022626e-07
5.700684758499274133e-07
5.676417067771579839e-07
5.652221738024484907e-07
5.628035945585368585e-07
5.603850153460021855e-07
5.579686161618494360e-07
5.555871199033529013e-07
5.532365144092066494e-07
5.508859378622964910e-07
5.485391881742201516e-07
5.462261629722427231e-07
5.439257500231874369e-07
5.416401386221950882e-07
5.393674601111455352e-07
5.371018078799525673e-07
5.348363896105722855e-07
5.326190809681716408e-07
5.304041628784137128e-07
5.282009378548248985e-07
5.260020054670560771e-07
5.238030730794252162e-07
5.216245512918713804e-07
5.194539662977701408e-07
5.172845735222204312e-07
5.151332369055561677e-07
5.130160878625962420e-07
5.109285235505063783e-07
5.088491993562452888e-07
5.067848384607875274e-07
5.047216434977297551e-07
5.026590323312055641e-07
5.005964211647166308e-07
4.985561509184043098e-07
4.965178342263628115e-07
4.944987304543107135e-07
4.924938521485985718e-07
4.905199365955112852e-07
4.885577015961220422e-07
4.865956544604021518e-07
4.846336073345748652e-07
4.826715699089426324e-07
4.807106760945398734e-07
4.787548122191233546e-07
4.768567055550330641e-07
4.749678728740113510e-07
4.730884437233432933e-07
4.712283568895342386e-07
4.693682777116342776e-07
4.675103216449691433e-07
4.656714582607588365e-07
4.638325949608013087e-07
4.619939739217734228e-07
4.601701806007378834e-07
4.583543599611784799e-07
4.565574644344336883e-07
4.547745877066071715e-07
4.530017932226511193e-07
4.512371040064808999e-07
4.494802441412450308e-07
4.477233842763417809e-07
4.459673110531093915e-07
4.442386331429097880e-07
4.425244649791089566e-07
4.408102969155860795e-07
4.391060466491424623e-07
4.374349559162640682e-07
4.357679630486033457e-07
4.341009701809432585e-07
4.324341776534426404e-07
4.307692722609086387e-07
4.291133542884442583e-07
4.274596239825948527e-07
4.258199323892113238e-07
4.241935193108770219e-07
4.225800410008395214e-07
4.210010203230791900e-07
4.194310227784638758e-07
4.178613838672875151e-07
4.162917449569919098e-07
4.147262039578284030e-07
4.131668571521802890e-07
4.116104690874144604e-07
4.100540810226484729e-07
4.084976929578824854e-07
4.069482987970673153e-07
4.054154400377439095e-07
4.039242814313858841e-07
4.024490645348274025e-07
4.009758659253394128e-07
3.995026673158513172e-07
3.980294687063635392e-07
3.965562701966244787e-07
3.950830722002390003e-07
3.936134521942193781e-07
3.921545952335029688e-07
3.907000306786786647e-07
3.892496652965669579e-07
3.878204581721003213e-07
3.864158796877079774e-07
3.850177022926787532e-07
3.836195250175121555e-07
3.822329317513811628e-07
3.808530633603271467e-07
3.794738306091175580e-07
3.781046845370052584e-07
3.767356854948529944e-07
3.753669696504973968e-07
3.740095002724708434e-07
3.726642250662392768e-07
3.713194169203974535e-07
3.699934390994711826e-07
3.686711239732095980e-07
3.673488088470054529e-07
3.660295688945255790e-07
3.647143421827297981e-07
3.634002815071047539e-07
3.621039478160844453e-07
3.608191693793633733e-07
3.595527573608054453e-07
3.582901433428314537e-07
3.570275293250402094e-07
3.557649153072617235e-07
3.545179049058349218e-07
3.532813964753087061e-07
3.520455202721838009e-07
3.508097829125066942e-07
3.495741346877663352e-07
3.483384865188309950e-07
3.471069607568476815e-07
3.458915221040146378e-07
3.446859611217127163e-07
3.434890484595252752e-07
3.422930813635493295e-07
3.410985822513632161e-07
3.399171701318140962e-07
3.387524045527770610e-07
3.375903065980702100e-07
3.364282086439125541e-07
3.352661106907464031e-07
3.341149296206296216e-07
3.329745545236542428e-07
3.318341874091486992e-07
3.306945268309411861e-07
3.295551064873189418e-07
3.284175569316741444e-07
3.272956342863537456e-07
3.261850966571512782e-07
3.250866320347217530e-07
3.239881674122936571e-07
3.228903889184839676e-07
3.218060763681087143e-07
3.207218605874114725e-07
3.196379547923463943e-07
3.185590057652094112e-07
3.174848997268129171e-07
3.164107936884170583e-07
3.153366876500219935e-07
3.142625816116266641e-07
3.131986944271195923e-07
3.121594153361746244e-07
3.111311146147248161e-07
3.101095082489250673e-07
3.090880451818933101e-07
3.080696204866492569e-07
3.070524367309967215e-07
3.060352529753437626e-07
3.050180692842894538e-07
3.040008860528804326e-07
3.029837246330207423e-07
3.019666297535165899e-07
3.009594995985111500e-07
2.999749999245750358e-07
2.989970992976033078e-07
2.980246180166149094e-07
2.970649179570969744e-07
2.961052179904400555e-07
2.951455181245778338e-07
2.941858185674152345e-07
2.932261295150102456e-07
2.922664404626047803e-07
2.913067734281666047e-07
2.903492101516461041e-07
2.894034899297080624e-07
2.884694793126808403e-07
2.875355866983836629e-07
2.866022351199101595e-07
2.856707992155761084e-07
2.847418388750411414e-07
2.838302069873849573e-07
2.829216843614728081e-07
2.820213642754500900e-07
2.811227259118449475e-07
2.802258520051531928e-07
2.793289781177710894e-07
2.784428903044805499e-07
2.775667138112266455e-07
2.766905373179729528e-07
2.758143608247196307e-07
2.749381847348098456e-07
2.740620117938069283e-07
2.731858388528033756e-07
2.723096659186653427e-07
2.714460725888330096e-07
2.705891821877078880e-07
2.697322917865826605e-07
2.688754013854575389e-07
2.680301525003629231e-07
2.671938358664595294e-07
2.663662539764829633e-07
2.655396854203747255e-07
2.647166045166832886e-07
2.638935236129919047e-07
2.630705665399667494e-07
2.622478776985605494e-07
2.614251888571623963e-07
2.606025000157654078e-07
2.597869971400536002e-07
2.589828569319076511e-07
2.581909251667379376e-07
2.574032578826105790e-07
2.566164433519795041e-07
2.558306073875414095e-07
2.550452039068775326e-07
2.542604332516903717e-07
2.534756678414411757e-07
2.526923643836825993e-07
2.519181169390695788e-07
2.511438696460062639e-07
2.503696223529428431e-07
2.495953884274763631e-07
2.488363065712976672e-07
2.480941273043764013e-07
2.473523007888894095e-07
2.466147716666605682e-07
2.458772667769001652e-07
2.451397618872657583e-07
2.444022570593342075e-07
2.436647522372905417e-07
2.429272474152469817e-07
2.421897425932034217e-07
2.414522377711600205e-07
2.407156890568536254e-07
2.399878817230766202e-07
2.392619234222802032e-07
2.385448267083153148e-07
2.378462130124782804e-07
2.371479157127403036e-07
2.364496184130022209e-07
2.357513211132643765e-07
2.350530238135264526e-07
2.343563216326266049e-07
2.336598761428919595e-07
2.329634306531781723e-07
2.322690585972487268e-07
2.315789252758659035e-07
2.308887919593030946e-07
2.302033270857597385e-07
2.295179060157666257e-07
2.288324849457737246e-07
2.281629145215792865e-07
2.274967065833483162e-07
2.268336067794914449e-07
2.261785864010266738e-07
2.255235660235900154e-07
2.248685486480526540e-07
2.242156788243413555e-07
2.235642808629540557e-07
2.229128829015669412e-07
2.222615109376221991e-07
2.216101750465090803e-07
2.209590868389288878e-07
2.203075413470189619e-07
2.196564554863779661e-07
2.190192589617626006e-07
2.183869250355972491e-07
2.177545941680350740e-07
2.171222733699358044e-07
2.164916017961036214e-07
2.158611298720270047e-07
2.152402163735252009e-07
2.146274773035021653e-07
2.140147382334936881e-07
2.134019991639357529e-07
2.127892600943776590e-07
2.121765212677245268e-07
2.115637826725492467e-07
2.109510440773742312e-07
2.103508857394544509e-07
2.097568370775397331e-07
2.091634520372784793e-07
2.085700861820802026e-07
2.079768045594962450e-07
2.073835229369231665e-07
2.067902413143502204e-07
2.061969597577746669e-07
2.056036783110598161e-07
2.050103968643449387e-07
2.044234981473911544e-07
2.038420216027992851e-07
2.032606534089630659e-07
2.026795029941930162e-07
2.021104011847504854e-07
2.015522935005396755e-07
2.009941858163288656e-07
2.004360781496050509e-07
1.998779705304918994e-07
1.993198629113787214e-07
1.987617552922654110e-07
1.982036476731521007e-07
1.976472468432821417e-07
1.970911025614359902e-07
1.965349582795900505e-07
1.959789628498581779e-07
1.954229684403820696e-07
1.948669740355289877e-07
1.943316935376369520e-07
1.938040857138397131e-07
1.932765264489129751e-07
1.927492067360823056e-07
1.922218870232531449e-07
1.916945673104238518e-07
1.911672475975948235e-07
1.906399278847655569e-07
1.901126334151946084e-07
1.895859212873713252e-07
1.890636722770102730e-07
1.885414232666493002e-07
1.880191742562908420e-07
1.874969252459329662e-07
1.869862565848426664e-07
1.864796484886567813e-07
1.859730403924707109e-07
1.854674379154557917e-07
1.849722881385438416e-07
1.844771383620552228e-07
1.839822243480964793e-07
1.834878738921323406e-07
1.829935234361684931e-07
1.825001640975397207e-07
1.820078309289884834e-07
1.815154977604374578e-07
1.810231645918864586e-07
1.805308314233352477e-07
1.800499261495088562e-07
1.795711802014931817e-07
1.790924579246893679e-07
1.786137552482419031e-07
1.781364600106739408e-07
1.776628694528182768e-07
1.771892788949625599e-07
1.767205663789276521e-07
1.762586132219598116e-07
1.757967279578110774e-07
1.753348426936623167e-07
1.748729574295967241e-07
1.744110721658961232e-07
1.739491869021956547e-07
1.734980592547373091e-07
1.730471317173635583e-07
1.725962043784977491e-07
1.721452770396318341e-07
1.716943497007660513e-07
1.712434223619001363e-07
1.707924950230343800e-07
1.703415676842112666e-07
1.698907509876774101e-07
1.694401260151953419e-07
1.689898985870707077e-07
1.685507629090298250e-07
1.681139302523462060e-07
1.676810159675264075e-07
1.672573826703814297e-07
1.668337493732363725e-07
1.664107674188140334e-07
1.659879532071382333e-07
1.655651389955014231e-07
1.651423247838646659e-07
1.647195105722278557e-07
1.642966963605910721e-07
1.638738821489543148e-07
1.634510679881604985e-07
1.630282542216272731e-07
1.626054404550940742e-07
1.621826266885607958e-07
1.617618115570918676e-07
1.613469939096303198e-07
1.609412146121242879e-07
1.605354353146182825e-07
1.601296560171121713e-07
1.597238767196062188e-07
1.593180974221002399e-07
1.589123181245941287e-07
1.585065389513260985e-07
1.581049562592567454e-07
1.577044677412010183e-07
1.573039792231481236e-07
1.569034907050951759e-07
1.565050635458923538e-07
1.561086245628551647e-07
1.557132427705331836e-07
1.553178609782110967e-07
1.549224791858890363e-07
1.545270973935669230e-07
1.541402929984999377e-07
1.537568414061161642e-07
1.533733898137327614e-07
1.529899382213493850e-07
1.526064866289661409e-07
1.522230350365827910e-07
1.518395834441994146e-07
1.514564793158908728e-07
1.510738595899973962e-07
1.506927716844487859e-07
1.503120117727881435e-07
1.499313509331278047e-07
1.495514791905558680e-07
1.491761974327261952e-07
1.488009156748967341e-07
1.484256339170670348e-07
1.480503521592374943e-07
1.476780866661337105e-07
1.473148005371885152e-07
1.469515431646194913e-07
1.465883003293737297e-07
1.462250574941282064e-07
1.458620186612132931e-07
1.455005643290286583e-07
1.451402028924473660e-07
1.447798414558661002e-07
1.444194800192849667e-07
1.440591185827037803e-07
1.436987571461225145e-07
1.433383957095413016e-07
1.429780342729601946e-07
1.426176728363790876e-07
1.422573113997979276e-07
1.418969499632169000e-07
1.415365885286236999e-07
1.411893222595085128e-07
1.408466452756980275e-07
1.405040683127145657e-07
1.401614913497311304e-07
1.398189143867476686e-07
1.394763374237643392e-07
1.391337604607809833e-07
1.387911834977975745e-07
1.384486065348141921e-07
1.381061463409755014e-07
1.377644279561257640e-07
1.374227095719007664e-07
1.370809911876758218e-07
1.367392728034508241e-07
1.363975657695847926e-07
1.360559710064617611e-07
1.357143762433387031e-07
1.353800596044667334e-07
1.350526510046374686e-07
1.347252424048080716e-07
1.343978338049787539e-07
1.340704252052720442e-07
1.337432938347058246e-07
1.334217644021235509e-07
1.331002349695413035e-07
1.327787055369590827e-07
1.324571761043768354e-07
1.321356466717945351e-07
1.318141441210211405e-07
1.314926632860630573e-07
1.311711824511048683e-07
1.308497016161466528e-07
1.305282255517679935e-07
1.302067609264122152e-07
1.298870707439894498e-07
1.295775333416578835e-07
1.292679959393261849e-07
1.289584585369947245e-07
1.286489211346630788e-07
1.283393837323314595e-07
1.280298463299997609e-07
1.277203099416892405e-07
1.274107959577553729e-07
1.271012828749754110e-07
1.267917697922486005e-07
1.264855456329967765e-07
1.261834416005658122e-07
1.258826722225180874e-07
1.255819442365915764e-07
1.252812162506650918e-07
1.249804882647385808e-07
1.246797602788122286e-07
1.243891191105599262e-07
1.240998628576441610e-07
1.238106066047287927e-07
1.235213545578859407e-07
1.232321053707362476e-07
1.229428561835863692e-07
1.226536069964365438e-07
1.223643578092867713e-07
1.220751086221369987e-07
1.217859027082352347e-07
1.214967001492067227e-07
1.212074975901782372e-07
1.209182950311496988e-07
1.206290924721211868e-07
1.203398899131004305e-07
1.200517656204488444e-07
1.197682735371776032e-07
1.194919791413127818e-07
1.192196227763570311e-07
1.189473695016806622e-07
1.186751162270043198e-07
1.184028629523280568e-07
1.181306096776518071e-07
1.178603920506366392e-07
1.175904553881366541e-07
1.173205187256394881e-07
1.170505820631423220e-07
1.167806454006451957e-07
1.165107087381479899e-07
1.162407720756508503e-07
1.159708362000087390e-07
1.157009005256465906e-07
1.154317562661523891e-07
1.151627308779866383e-07
1.148986103602206034e-07
1.146395651971678790e-07
1.143805200341162532e-07
1.141214748710645745e-07
1.138673851507469600e-07
1.136141265116824469e-07
1.133608678726179471e-07
1.131076092335534472e-07
1.128543505944888548e-07
1.126012120508138159e-07
1.123480847470955217e-07
1.120949574433772010e-07
1.118418301396590259e-07
1.115887028359410493e-07
1.113355755322232316e-07
1.110824482285053344e-07
1.108293209247874769e-07
1.105795436624528724e-07
1.103374487281119049e-07
1.100953537937708844e-07
1.098532588594298375e-07
1.096111639250888170e-07
1.093690690119499709e-07
1.091269742137121102e-07
1.088848794154744349e-07
1.086427846172367065e-07
1.084041278367580868e-07
1.081678930277388088e-07
1.079316582187195573e-07
1.076954234097002926e-07
1.074591886006810014e-07
1.072230935190748263e-07
1.069872150917186096e-07
1.067513366643623533e-07
1.065175687647615330e-07
1.062895047385003740e-07
1.060615486148482746e-07
1.058335924964970000e-07
1.056056363781456990e-07
1.053776802597944112e-07
1.051497241414430970e-07
1.049217680230917959e-07
1.046938119047404552e-07
1.044658593808039590e-07
1.042379210865420458e-07
1.040099827922801458e-07
1.037827815615007844e-07
1.035572507294571632e-07
1.033339718470582703e-07
1.031143707699478386e-07
1.028947696989258930e-07
1.026766254899200481e-07
1.024621782090549627e-07
1.022477309281898905e-07
1.020332836473247256e-07
1.018188363664595343e-07
1.016043890855945018e-07
1.013899418047294031e-07
1.011744652569231809e-07
1.009600217507010636e-07
1.007455782444788404e-07
1.005311347382567628e-07
1.003166912354157099e-07
1.001022477360795734e-07
9.988780423674334423e-08
9.967336073740720774e-08
9.945891723807097860e-08
9.924447373873488181e-08
9.903106107064040847e-08
9.882003608379276643e-08
9.861045970313986861e-08
9.840546569827914465e-08
9.820143058575715618e-08
9.799739634378102166e-08
9.779336210180501949e-08
9.759089284171327147e-08
9.738930987709211697e-08
9.718772691247097570e-08
9.698622094165259867e-08
9.678501358375695918e-08
9.658380624631226846e-08
9.638259890886749833e-08
9.618139157142283407e-08
9.598018423397803747e-08
9.577897689653334675e-08
9.557851091989836865e-08
9.537920831286986676e-08
9.517990570584133840e-08
9.498060309904250155e-08
9.478130049295335920e-08
9.458199788686426979e-08
9.438269528077507450e-08
9.418432558208406474e-08
9.399107585628687993e-08
9.379782613048970835e-08
9.360457640469243089e-08
9.341132667889520637e-08
9.321807695309798185e-08
9.302482722730078380e-08
9.283157750150353281e-08
9.263832777570632152e-08
9.244507804997152598e-08
9.225233147936107206e-08
9.206017897976215211e-08
9.187039637189515769e-08
9.168061376402822945e-08
9.149083115616124826e-08
9.130104854829422737e-08
9.111147518580028044e-08
9.092267626111884581e-08
9.073387733643747736e-08
9.054507841175592361e-08
9.035627948707459486e-08
9.016748056239310730e-08
8.997950744982624413e-08
8.979680981172452641e-08
8.961411217362283516e-08
8.943141453552101156e-08
8.924871689741936001e-08
8.906633210248067488e-08
8.888408510220316184e-08
8.870183810192570174e-08
8.851959110164818870e-08
8.833734410137068890e-08
8.815509710109318910e-08
8.797290708878188722e-08
8.779104178943181992e-08
8.760917853444884272e-08
8.742736623461932204e-08
8.724565621140098285e-08
8.706398769834002949e-08
8.688231918527924819e-08
8.670202041491237664e-08
8.652288762289231990e-08
8.634375483087219699e-08
8.616462203885211378e-08
8.598676704835581672e-08
8.581396265034941979e-08
8.564115825234303610e-08
8.546835385433665240e-08
8.529555628575270807e-08
8.512277125922621837e-08
8.494998623269966250e-08
8.477720120617323898e-08
8.460441617964670958e-08
8.443216048084900641e-08
8.426038252219713295e-08
8.408860456354535214e-08
8.391682660489349191e-08
8.374504864624164493e-08
8.357327068758987735e-08
8.340149272893804360e-08
8.322973024837709714e-08
8.305803117008819451e-08
8.288633209180364615e-08
8.271463301351923014e-08
8.254293393523469502e-08
8.237123485695019961e-08
8.220129167161892829e-08
8.203573767377399213e-08
8.187046619770962715e-08
8.170748855972802889e-08
8.154451092174639092e-08
8.138153328376476618e-08
