-9.833333333333333925e-01 3.900000000000000000e+01
-9.499999999999999556e-01 1.900000000000000000e+01
-9.166666666666667407e-01 6.000000000000000000e+00
-8.833333333333333037e-01 1.000000000000000000e+00
-8.500000000000000888e-01 2.000000000000000000e+00
-8.166666666666666519e-01 6.000000000000000000e+00
-7.833333333333333259e-01 1.000000000000000000e+00
-7.500000000000000000e-01 2.000000000000000000e+00
-7.166666666666666741e-01 1.000000000000000000e+00
-6.833333333333333481e-01 6.000000000000000000e+00
-6.500000000000000222e-01 6.000000000000000000e+00
-6.166666666666666963e-01 7.000000000000000000e+00
-5.833333333333332593e-01 5.000000000000000000e+00
-5.500000000000000444e-01 8.000000000000000000e+00
-5.166666666666666075e-01 1.200000000000000000e+01
-4.833333333333333370e-01 6.000000000000000000e+00
-4.500000000000000111e-01 1.700000000000000000e+01
-4.166666666666666852e-01 1.800000000000000000e+01
-3.833333333333333592e-01 2.600000000000000000e+01
-3.500000000000000333e-01 3.000000000000000000e+01
-3.166666666666667074e-01 4.100000000000000000e+01
-2.833333333333333814e-01 3.100000000000000000e+01
-2.500000000000000555e-01 4.500000000000000000e+01
-2.166666666666666741e-01 5.400000000000000000e+01
-1.833333333333332926e-01 1.480000000000000000e+02
-1.499999999999999667e-01 5.550000000000000000e+02
-1.166666666666666408e-01 8.070000000000000000e+02
-8.333333333333331483e-02 1.055000000000000000e+03
-4.999999999999998890e-02 1.689000000000000000e+03
-1.666666666666666297e-02 2.144000000000000000e+03
1.666666666666660745e-02 2.301000000000000000e+03
4.999999999999993339e-02 2.462000000000000000e+03
8.333333333333337034e-02 2.457000000000000000e+03
1.166666666666666963e-01 2.702000000000000000e+03
1.500000000000000222e-01 2.745000000000000000e+03
1.833333333333333481e-01 2.791000000000000000e+03
2.166666666666666741e-01 2.721000000000000000e+03
2.500000000000000000e-01 2.925000000000000000e+03
2.833333333333333259e-01 2.996000000000000000e+03
3.166666666666666519e-01 2.872000000000000000e+03
3.499999999999999778e-01 2.710000000000000000e+03
3.833333333333333037e-01 2.806000000000000000e+03
4.166666666666666297e-01 2.783000000000000000e+03
4.499999999999999556e-01 2.687000000000000000e+03
4.833333333333332815e-01 2.517000000000000000e+03
5.166666666666666075e-01 2.470000000000000000e+03
5.499999999999999334e-01 2.471000000000000000e+03
5.833333333333333703e-01 2.366000000000000000e+03
6.166666666666666963e-01 2.306000000000000000e+03
6.500000000000000222e-01 2.149000000000000000e+03
6.833333333333333481e-01 2.037000000000000000e+03
7.166666666666666741e-01 1.950000000000000000e+03
7.500000000000000000e-01 2.009000000000000000e+03
7.833333333333333259e-01 1.964000000000000000e+03
8.166666666666666519e-01 1.919000000000000000e+03
8.499999999999999778e-01 1.988000000000000000e+03
8.833333333333333037e-01 2.061000000000000000e+03
9.166666666666666297e-01 2.038000000000000000e+03
9.499999999999999556e-01 1.908000000000000000e+03
9.833333333333332815e-01 1.616000000000000000e+03
