-9.833333333333333925e-01 6.990000000000000000e+02
-9.499999999999999556e-01 2.270000000000000000e+02
-9.166666666666667407e-01 1.180000000000000000e+02
-8.833333333333333037e-01 7.700000000000000000e+01
-8.500000000000000888e-01 7.200000000000000000e+01
-8.166666666666666519e-01 7.100000000000000000e+01
-7.833333333333333259e-01 6.300000000000000000e+01
-7.500000000000000000e-01 1.070000000000000000e+02
-7.166666666666666741e-01 9.300000000000000000e+01
-6.833333333333333481e-01 1.320000000000000000e+02
-6.500000000000000222e-01 1.300000000000000000e+02
-6.166666666666666963e-01 1.890000000000000000e+02
-5.833333333333332593e-01 1.950000000000000000e+02
-5.500000000000000444e-01 2.120000000000000000e+02
-5.166666666666666075e-01 2.440000000000000000e+02
-4.833333333333333370e-01 2.730000000000000000e+02
-4.500000000000000111e-01 3.630000000000000000e+02
-4.166666666666666852e-01 4.230000000000000000e+02
-3.833333333333333592e-01 5.650000000000000000e+02
-3.500000000000000333e-01 7.690000000000000000e+02
-3.166666666666667074e-01 1.008000000000000000e+03
-2.833333333333333814e-01 1.349000000000000000e+03
-2.500000000000000555e-01 1.857000000000000000e+03
-2.166666666666666741e-01 2.382000000000000000e+03
-1.833333333333332926e-01 3.166000000000000000e+03
-1.499999999999999667e-01 3.833000000000000000e+03
-1.166666666666666408e-01 4.227000000000000000e+03
-8.333333333333331483e-02 4.550000000000000000e+03
-4.999999999999998890e-02 4.888000000000000000e+03
-1.666666666666666297e-02 5.303000000000000000e+03
1.666666666666660745e-02 5.433000000000000000e+03
4.999999999999993339e-02 5.496000000000000000e+03
8.333333333333337034e-02 5.199000000000000000e+03
1.166666666666666963e-01 4.910000000000000000e+03
1.500000000000000222e-01 4.873000000000000000e+03
1.833333333333333481e-01 4.617000000000000000e+03
2.166666666666666741e-01 4.514000000000000000e+03
2.500000000000000000e-01 4.375000000000000000e+03
2.833333333333333259e-01 4.273000000000000000e+03
3.166666666666666519e-01 4.060000000000000000e+03
3.499999999999999778e-01 3.850000000000000000e+03
3.833333333333333037e-01 3.789000000000000000e+03
4.166666666666666297e-01 3.635000000000000000e+03
4.499999999999999556e-01 3.508000000000000000e+03
4.833333333333332815e-01 3.390000000000000000e+03
5.166666666666666075e-01 3.333000000000000000e+03
5.499999999999999334e-01 3.128000000000000000e+03
5.833333333333333703e-01 3.031000000000000000e+03
6.166666666666666963e-01 2.992000000000000000e+03
6.500000000000000222e-01 2.950000000000000000e+03
6.833333333333333481e-01 2.840000000000000000e+03
7.166666666666666741e-01 2.841000000000000000e+03
7.500000000000000000e-01 2.691000000000000000e+03
7.833333333333333259e-01 2.520000000000000000e+03
8.166666666666666519e-01 2.394000000000000000e+03
8.499999999999999778e-01 2.281000000000000000e+03
8.833333333333333037e-01 2.152000000000000000e+03
9.166666666666666297e-01 1.988000000000000000e+03
9.499999999999999556e-01 1.641000000000000000e+03
9.833333333333332815e-01 1.297000000000000000e+03
