-9.833333333333333925e-01 2.397000000000000000e+03
-9.499999999999999556e-01 2.623000000000000000e+03
-9.166666666666667407e-01 2.046000000000000000e+03
-8.833333333333333037e-01 1.916000000000000000e+03
-8.500000000000000888e-01 1.762000000000000000e+03
-8.166666666666666519e-01 1.718000000000000000e+03
-7.833333333333333259e-01 1.744000000000000000e+03
-7.500000000000000000e-01 1.786000000000000000e+03
-7.166666666666666741e-01 1.786000000000000000e+03
-6.833333333333333481e-01 1.828000000000000000e+03
-6.500000000000000222e-01 1.898000000000000000e+03
-6.166666666666666963e-01 1.966000000000000000e+03
-5.833333333333332593e-01 2.051000000000000000e+03
-5.500000000000000444e-01 2.246000000000000000e+03
-5.166666666666666075e-01 2.407000000000000000e+03
-4.833333333333333370e-01 2.499000000000000000e+03
-4.500000000000000111e-01 2.757000000000000000e+03
-4.166666666666666852e-01 3.007000000000000000e+03
-3.833333333333333592e-01 3.249000000000000000e+03
-3.500000000000000333e-01 3.406000000000000000e+03
-3.166666666666667074e-01 3.665000000000000000e+03
-2.833333333333333814e-01 3.727000000000000000e+03
-2.500000000000000555e-01 3.396000000000000000e+03
-2.166666666666666741e-01 3.018000000000000000e+03
-1.833333333333332926e-01 2.283000000000000000e+03
-1.499999999999999667e-01 1.398000000000000000e+03
-1.166666666666666408e-01 8.310000000000000000e+02
-8.333333333333331483e-02 3.670000000000000000e+02
-4.999999999999998890e-02 2.560000000000000000e+02
-1.666666666666666297e-02 2.010000000000000000e+02
1.666666666666660745e-02 2.380000000000000000e+02
4.999999999999993339e-02 1.810000000000000000e+02
8.333333333333337034e-02 1.690000000000000000e+02
1.166666666666666963e-01 1.490000000000000000e+02
1.500000000000000222e-01 1.270000000000000000e+02
1.833333333333333481e-01 1.150000000000000000e+02
2.166666666666666741e-01 1.280000000000000000e+02
2.500000000000000000e-01 1.030000000000000000e+02
2.833333333333333259e-01 9.400000000000000000e+01
3.166666666666666519e-01 7.700000000000000000e+01
3.499999999999999778e-01 7.000000000000000000e+01
3.833333333333333037e-01 8.200000000000000000e+01
4.166666666666666297e-01 6.700000000000000000e+01
4.499999999999999556e-01 8.100000000000000000e+01
4.833333333333332815e-01 5.400000000000000000e+01
5.166666666666666075e-01 6.000000000000000000e+01
5.499999999999999334e-01 4.200000000000000000e+01
5.833333333333333703e-01 4.900000000000000000e+01
6.166666666666666963e-01 4.100000000000000000e+01
6.500000000000000222e-01 4.800000000000000000e+01
6.833333333333333481e-01 5.100000000000000000e+01
7.166666666666666741e-01 4.000000000000000000e+01
7.500000000000000000e-01 4.700000000000000000e+01
7.833333333333333259e-01 4.100000000000000000e+01
8.166666666666666519e-01 4.500000000000000000e+01
8.499999999999999778e-01 2.700000000000000000e+01
8.833333333333333037e-01 2.900000000000000000e+01
9.166666666666666297e-01 1.700000000000000000e+01
9.499999999999999556e-01 2.000000000000000000e+01
9.833333333333332815e-01 1.200000000000000000e+01
