-9.833333333333333925e-01 2.000000000000000000e+00
-9.499999999999999556e-01 1.000000000000000000e+01
-9.166666666666667407e-01 1.400000000000000000e+01
-8.833333333333333037e-01 2.000000000000000000e+01
-8.500000000000000888e-01 2.800000000000000000e+01
-8.166666666666666519e-01 3.200000000000000000e+01
-7.833333333333333259e-01 3.500000000000000000e+01
-7.500000000000000000e-01 4.800000000000000000e+01
-7.166666666666666741e-01 5.500000000000000000e+01
-6.833333333333333481e-01 5.100000000000000000e+01
-6.500000000000000222e-01 4.700000000000000000e+01
-6.166666666666666963e-01 4.700000000000000000e+01
-5.833333333333332593e-01 5.000000000000000000e+01
-5.500000000000000444e-01 4.200000000000000000e+01
-5.166666666666666075e-01 2.700000000000000000e+01
-4.833333333333333370e-01 2.000000000000000000e+01
-4.500000000000000111e-01 2.000000000000000000e+01
-4.166666666666666852e-01 1.600000000000000000e+01
-3.833333333333333592e-01 6.000000000000000000e+00
-3.500000000000000333e-01 6.000000000000000000e+00
-3.166666666666667074e-01 7.000000000000000000e+00
-2.833333333333333814e-01 2.000000000000000000e+00
-2.500000000000000555e-01 1.000000000000000000e+00
-2.166666666666666741e-01 0.000000000000000000e+00
-1.833333333333332926e-01 0.000000000000000000e+00
-1.499999999999999667e-01 1.000000000000000000e+00
-1.166666666666666408e-01 0.000000000000000000e+00
-8.333333333333331483e-02 0.000000000000000000e+00
-4.999999999999998890e-02 0.000000000000000000e+00
-1.666666666666666297e-02 0.000000000000000000e+00
1.666666666666660745e-02 0.000000000000000000e+00
4.999999999999993339e-02 0.000000000000000000e+00
8.333333333333337034e-02 0.000000000000000000e+00
1.166666666666666963e-01 0.000000000000000000e+00
1.500000000000000222e-01 0.000000000000000000e+00
1.833333333333333481e-01 0.000000000000000000e+00
2.166666666666666741e-01 0.000000000000000000e+00
2.500000000000000000e-01 0.000000000000000000e+00
2.833333333333333259e-01 0.000000000000000000e+00
3.166666666666666519e-01 0.000000000000000000e+00
3.499999999999999778e-01 0.000000000000000000e+00
3.833333333333333037e-01 0.000000000000000000e+00
4.166666666666666297e-01 0.000000000000000000e+00
4.499999999999999556e-01 0.000000000000000000e+00
4.833333333333332815e-01 0.000000000000000000e+00
5.166666666666666075e-01 0.000000000000000000e+00
5.499999999999999334e-01 0.000000000000000000e+00
5.833333333333333703e-01 0.000000000000000000e+00
6.166666666666666963e-01 0.000000000000000000e+00
6.500000000000000222e-01 0.000000000000000000e+00
6.833333333333333481e-01 0.000000000000000000e+00
7.166666666666666741e-01 0.000000000000000000e+00
7.500000000000000000e-01 0.000000000000000000e+00
7.833333333333333259e-01 0.000000000000000000e+00
8.166666666666666519e-01 0.000000000000000000e+00
8.499999999999999778e-01 0.000000000000000000e+00
8.833333333333333037e-01 0.000000000000000000e+00
9.166666666666666297e-01 0.000000000000000000e+00
9.499999999999999556e-01 0.000000000000000000e+00
9.833333333333332815e-01 0.000000000000000000e+00
