-9.899999999999999911e-01 1.000000000000000000e+00
-9.699999999999999734e-01 0.000000000000000000e+00
-9.499999999999999556e-01 0.000000000000000000e+00
-9.299999999999999378e-01 0.000000000000000000e+00
-9.100000000000000311e-01 0.000000000000000000e+00
-8.900000000000000133e-01 0.000000000000000000e+00
-8.699999999999999956e-01 0.000000000000000000e+00
-8.499999999999999778e-01 0.000000000000000000e+00
-8.300000000000000711e-01 0.000000000000000000e+00
-8.100000000000000533e-01 0.000000000000000000e+00
-7.900000000000000355e-01 0.000000000000000000e+00
-7.700000000000000178e-01 0.000000000000000000e+00
-7.500000000000000000e-01 0.000000000000000000e+00
-7.299999999999999822e-01 0.000000000000000000e+00
-7.099999999999999645e-01 0.000000000000000000e+00
-6.899999999999999467e-01 0.000000000000000000e+00
-6.699999999999999289e-01 0.000000000000000000e+00
-6.499999999999999112e-01 0.000000000000000000e+00
-6.300000000000000044e-01 0.000000000000000000e+00
-6.099999999999999867e-01 0.000000000000000000e+00
-5.900000000000000799e-01 1.000000000000000000e+00
-5.700000000000000622e-01 0.000000000000000000e+00
-5.500000000000000444e-01 0.000000000000000000e+00
-5.300000000000000266e-01 1.000000000000000000e+00
-5.100000000000000089e-01 0.000000000000000000e+00
-4.899999999999999911e-01 2.000000000000000000e+00
-4.699999999999999734e-01 0.000000000000000000e+00
-4.499999999999999556e-01 0.000000000000000000e+00
-4.299999999999999933e-01 1.000000000000000000e+00
-4.100000000000000311e-01 0.000000000000000000e+00
-3.900000000000000133e-01 1.000000000000000000e+00
-3.699999999999999956e-01 0.000000000000000000e+00
-3.499999999999999778e-01 0.000000000000000000e+00
-3.299999999999999600e-01 1.000000000000000000e+00
-3.099999999999999423e-01 0.000000000000000000e+00
-2.899999999999999800e-01 1.000000000000000000e+00
-2.700000000000000178e-01 1.000000000000000000e+00
-2.500000000000000000e-01 1.000000000000000000e+00
-2.299999999999999822e-01 2.000000000000000000e+00
-2.099999999999999645e-01 1.000000000000000000e+00
-1.899999999999999467e-01 8.000000000000000000e+00
-1.699999999999999845e-01 1.300000000000000000e+01
-1.500000000000000222e-01 1.120000000000000000e+02
-1.300000000000000044e-01 2.500000000000000000e+02
-1.099999999999999867e-01 4.040000000000000000e+02
-8.999999999999996891e-02 7.470000000000000000e+02
-6.999999999999995115e-02 9.140000000000000000e+02
-4.999999999999998890e-02 1.041000000000000000e+03
-3.000000000000002665e-02 1.205000000000000000e+03
-1.000000000000000888e-02 1.187000000000000000e+03
1.000000000000000888e-02 1.270000000000000000e+03
3.000000000000002665e-02 1.372000000000000000e+03
5.000000000000004441e-02 1.373000000000000000e+03
7.000000000000006217e-02 1.370000000000000000e+03
9.000000000000007994e-02 1.391000000000000000e+03
1.100000000000000977e-01 1.551000000000000000e+03
1.300000000000001155e-01 1.496000000000000000e+03
1.500000000000000222e-01 1.514000000000000000e+03
1.699999999999999289e-01 1.588000000000000000e+03
1.899999999999999467e-01 1.564000000000000000e+03
2.099999999999999645e-01 1.640000000000000000e+03
2.299999999999999822e-01 1.612000000000000000e+03
2.500000000000000000e-01 1.698000000000000000e+03
2.700000000000000178e-01 1.614000000000000000e+03
2.900000000000000355e-01 1.632000000000000000e+03
3.100000000000000533e-01 1.593000000000000000e+03
3.300000000000000711e-01 1.475000000000000000e+03
3.500000000000000888e-01 1.503000000000000000e+03
3.700000000000001066e-01 1.497000000000000000e+03
3.900000000000001243e-01 1.536000000000000000e+03
4.100000000000000311e-01 1.452000000000000000e+03
4.299999999999999378e-01 1.464000000000000000e+03
4.499999999999999556e-01 1.400000000000000000e+03
4.699999999999999734e-01 1.383000000000000000e+03
4.899999999999999911e-01 1.354000000000000000e+03
5.100000000000000089e-01 1.369000000000000000e+03
5.300000000000000266e-01 1.298000000000000000e+03
5.500000000000000444e-01 1.344000000000000000e+03
5.700000000000000622e-01 1.245000000000000000e+03
5.900000000000000799e-01 1.279000000000000000e+03
6.100000000000000977e-01 1.216000000000000000e+03
6.300000000000001155e-01 1.223000000000000000e+03
6.500000000000001332e-01 1.208000000000000000e+03
6.700000000000000400e-01 1.138000000000000000e+03
6.899999999999999467e-01 1.105000000000000000e+03
7.099999999999999645e-01 1.120000000000000000e+03
7.299999999999999822e-01 1.083000000000000000e+03
7.500000000000000000e-01 1.171000000000000000e+03
7.700000000000000178e-01 1.102000000000000000e+03
7.900000000000000355e-01 1.106000000000000000e+03
8.100000000000000533e-01 1.028000000000000000e+03
8.300000000000000711e-01 1.031000000000000000e+03
8.500000000000000888e-01 1.048000000000000000e+03
8.700000000000001066e-01 1.061000000000000000e+03
8.900000000000001243e-01 1.004000000000000000e+03
9.100000000000000311e-01 9.860000000000000000e+02
9.299999999999999378e-01 9.130000000000000000e+02
9.499999999999999556e-01 7.960000000000000000e+02
9.699999999999999734e-01 7.770000000000000000e+02
9.899999999999999911e-01 6.140000000000000000e+02
