-9.833333333333333925e-01 6.940000000000000000e+02
-9.499999999999999556e-01 2.230000000000000000e+02
-9.166666666666667407e-01 1.180000000000000000e+02
-8.833333333333333037e-01 7.500000000000000000e+01
-8.500000000000000888e-01 7.100000000000000000e+01
-8.166666666666666519e-01 6.900000000000000000e+01
-7.833333333333333259e-01 6.300000000000000000e+01
-7.500000000000000000e-01 1.060000000000000000e+02
-7.166666666666666741e-01 9.100000000000000000e+01
-6.833333333333333481e-01 1.280000000000000000e+02
-6.500000000000000222e-01 1.280000000000000000e+02
-6.166666666666666963e-01 1.800000000000000000e+02
-5.833333333333332593e-01 1.820000000000000000e+02
-5.500000000000000444e-01 2.030000000000000000e+02
-5.166666666666666075e-01 2.340000000000000000e+02
-4.833333333333333370e-01 2.620000000000000000e+02
-4.500000000000000111e-01 3.510000000000000000e+02
-4.166666666666666852e-01 4.120000000000000000e+02
-3.833333333333333592e-01 5.580000000000000000e+02
-3.500000000000000333e-01 7.560000000000000000e+02
-3.166666666666667074e-01 9.850000000000000000e+02
-2.833333333333333814e-01 1.312000000000000000e+03
-2.500000000000000555e-01 1.762000000000000000e+03
-2.166666666666666741e-01 2.046000000000000000e+03
-1.833333333333332926e-01 2.192000000000000000e+03
-1.499999999999999667e-01 1.901000000000000000e+03
-1.166666666666666408e-01 1.564000000000000000e+03
-8.333333333333331483e-02 1.276000000000000000e+03
-4.999999999999998890e-02 1.458000000000000000e+03
-1.666666666666666297e-02 1.606000000000000000e+03
1.666666666666660745e-02 1.680000000000000000e+03
4.999999999999993339e-02 1.663000000000000000e+03
8.333333333333337034e-02 1.552000000000000000e+03
1.166666666666666963e-01 1.414000000000000000e+03
1.500000000000000222e-01 1.392000000000000000e+03
1.833333333333333481e-01 1.258000000000000000e+03
2.166666666666666741e-01 1.237000000000000000e+03
2.500000000000000000e-01 1.199000000000000000e+03
2.833333333333333259e-01 1.173000000000000000e+03
3.166666666666666519e-01 1.099000000000000000e+03
3.499999999999999778e-01 1.062000000000000000e+03
3.833333333333333037e-01 9.810000000000000000e+02
4.166666666666666297e-01 9.840000000000000000e+02
4.499999999999999556e-01 9.090000000000000000e+02
4.833333333333332815e-01 8.970000000000000000e+02
5.166666666666666075e-01 9.030000000000000000e+02
5.499999999999999334e-01 8.160000000000000000e+02
5.833333333333333703e-01 8.260000000000000000e+02
6.166666666666666963e-01 7.990000000000000000e+02
6.500000000000000222e-01 8.580000000000000000e+02
6.833333333333333481e-01 8.230000000000000000e+02
7.166666666666666741e-01 7.600000000000000000e+02
7.500000000000000000e-01 6.990000000000000000e+02
7.833333333333333259e-01 6.340000000000000000e+02
8.166666666666666519e-01 6.010000000000000000e+02
8.499999999999999778e-01 5.900000000000000000e+02
8.833333333333333037e-01 5.210000000000000000e+02
9.166666666666666297e-01 4.380000000000000000e+02
9.499999999999999556e-01 3.670000000000000000e+02
9.833333333333332815e-01 3.050000000000000000e+02
