-9.833333333333333925e-01 1.310000000000000000e+02
-9.499999999999999556e-01 1.840000000000000000e+02
-9.166666666666667407e-01 1.990000000000000000e+02
-8.833333333333333037e-01 3.030000000000000000e+02
-8.500000000000000888e-01 4.450000000000000000e+02
-8.166666666666666519e-01 5.130000000000000000e+02
-7.833333333333333259e-01 5.160000000000000000e+02
-7.500000000000000000e-01 5.400000000000000000e+02
-7.166666666666666741e-01 6.630000000000000000e+02
-6.833333333333333481e-01 7.220000000000000000e+02
-6.500000000000000222e-01 7.270000000000000000e+02
-6.166666666666666963e-01 7.680000000000000000e+02
-5.833333333333332593e-01 8.860000000000000000e+02
-5.500000000000000444e-01 1.027000000000000000e+03
-5.166666666666666075e-01 1.306000000000000000e+03
-4.833333333333333370e-01 1.370000000000000000e+03
-4.500000000000000111e-01 1.457000000000000000e+03
-4.166666666666666852e-01 1.435000000000000000e+03
-3.833333333333333592e-01 1.395000000000000000e+03
-3.500000000000000333e-01 1.230000000000000000e+03
-3.166666666666667074e-01 1.201000000000000000e+03
-2.833333333333333814e-01 9.150000000000000000e+02
-2.500000000000000555e-01 5.050000000000000000e+02
-2.166666666666666741e-01 2.720000000000000000e+02
-1.833333333333332926e-01 1.340000000000000000e+02
-1.499999999999999667e-01 2.900000000000000000e+01
-1.166666666666666408e-01 1.000000000000000000e+01
-8.333333333333331483e-02 2.000000000000000000e+00
-4.999999999999998890e-02 5.000000000000000000e+00
-1.666666666666666297e-02 2.000000000000000000e+00
1.666666666666660745e-02 4.000000000000000000e+00
4.999999999999993339e-02 5.000000000000000000e+00
8.333333333333337034e-02 2.000000000000000000e+00
1.166666666666666963e-01 3.000000000000000000e+00
1.500000000000000222e-01 1.000000000000000000e+00
1.833333333333333481e-01 4.000000000000000000e+00
2.166666666666666741e-01 1.000000000000000000e+00
2.500000000000000000e-01 2.000000000000000000e+00
2.833333333333333259e-01 3.000000000000000000e+00
3.166666666666666519e-01 5.000000000000000000e+00
3.499999999999999778e-01 1.000000000000000000e+00
3.833333333333333037e-01 2.000000000000000000e+00
4.166666666666666297e-01 2.000000000000000000e+00
4.499999999999999556e-01 0.000000000000000000e+00
4.833333333333332815e-01 1.000000000000000000e+00
5.166666666666666075e-01 0.000000000000000000e+00
5.499999999999999334e-01 0.000000000000000000e+00
5.833333333333333703e-01 1.000000000000000000e+00
6.166666666666666963e-01 1.000000000000000000e+00
6.500000000000000222e-01 0.000000000000000000e+00
6.833333333333333481e-01 0.000000000000000000e+00
7.166666666666666741e-01 0.000000000000000000e+00
7.500000000000000000e-01 0.000000000000000000e+00
7.833333333333333259e-01 0.000000000000000000e+00
8.166666666666666519e-01 0.000000000000000000e+00
8.499999999999999778e-01 0.000000000000000000e+00
8.833333333333333037e-01 0.000000000000000000e+00
9.166666666666666297e-01 0.000000000000000000e+00
9.499999999999999556e-01 0.000000000000000000e+00
9.833333333333332815e-01 1.000000000000000000e+00
