-9.833333333333333925e-01 0.000000000000000000e+00
-9.499999999999999556e-01 0.000000000000000000e+00
-9.166666666666667407e-01 0.000000000000000000e+00
-8.833333333333333037e-01 0.000000000000000000e+00
-8.500000000000000888e-01 0.000000000000000000e+00
-8.166666666666666519e-01 0.000000000000000000e+00
-7.833333333333333259e-01 0.000000000000000000e+00
-7.500000000000000000e-01 0.000000000000000000e+00
-7.166666666666666741e-01 0.000000000000000000e+00
-6.833333333333333481e-01 0.000000000000000000e+00
-6.500000000000000222e-01 0.000000000000000000e+00
-6.166666666666666963e-01 0.000000000000000000e+00
-5.833333333333332593e-01 0.000000000000000000e+00
-5.500000000000000444e-01 0.000000000000000000e+00
-5.166666666666666075e-01 0.000000000000000000e+00
-4.833333333333333370e-01 0.000000000000000000e+00
-4.500000000000000111e-01 0.000000000000000000e+00
-4.166666666666666852e-01 0.000000000000000000e+00
-3.833333333333333592e-01 0.000000000000000000e+00
-3.500000000000000333e-01 0.000000000000000000e+00
-3.166666666666667074e-01 0.000000000000000000e+00
-2.833333333333333814e-01 0.000000000000000000e+00
-2.500000000000000555e-01 0.000000000000000000e+00
-2.166666666666666741e-01 1.000000000000000000e+00
-1.833333333333332926e-01 0.000000000000000000e+00
-1.499999999999999667e-01 4.000000000000000000e+00
-1.166666666666666408e-01 7.800000000000000000e+01
-8.333333333333331483e-02 4.510000000000000000e+02
-4.999999999999998890e-02 7.090000000000000000e+02
-1.666666666666666297e-02 8.500000000000000000e+02
1.666666666666660745e-02 9.550000000000000000e+02
4.999999999999993339e-02 1.099000000000000000e+03
8.333333333333337034e-02 1.147000000000000000e+03
1.166666666666666963e-01 1.370000000000000000e+03
1.500000000000000222e-01 1.377000000000000000e+03
1.833333333333333481e-01 1.420000000000000000e+03
2.166666666666666741e-01 1.459000000000000000e+03
2.500000000000000000e-01 1.555000000000000000e+03
2.833333333333333259e-01 1.629000000000000000e+03
3.166666666666666519e-01 1.523000000000000000e+03
3.499999999999999778e-01 1.419000000000000000e+03
3.833333333333333037e-01 1.464000000000000000e+03
4.166666666666666297e-01 1.437000000000000000e+03
4.499999999999999556e-01 1.361000000000000000e+03
4.833333333333332815e-01 1.283000000000000000e+03
5.166666666666666075e-01 1.271000000000000000e+03
5.499999999999999334e-01 1.323000000000000000e+03
5.833333333333333703e-01 1.232000000000000000e+03
6.166666666666666963e-01 1.200000000000000000e+03
6.500000000000000222e-01 1.148000000000000000e+03
6.833333333333333481e-01 1.164000000000000000e+03
7.166666666666666741e-01 1.094000000000000000e+03
7.500000000000000000e-01 1.184000000000000000e+03
7.833333333333333259e-01 1.152000000000000000e+03
8.166666666666666519e-01 1.100000000000000000e+03
8.499999999999999778e-01 1.190000000000000000e+03
8.833333333333333037e-01 1.186000000000000000e+03
9.166666666666666297e-01 1.148000000000000000e+03
9.499999999999999556e-01 1.062000000000000000e+03
9.833333333333332815e-01 8.960000000000000000e+02
