-9.899999999999999911e-01 1.100000000000000000e+02
-9.699999999999999734e-01 7.400000000000000000e+01
-9.499999999999999556e-01 4.600000000000000000e+01
-9.299999999999999378e-01 2.700000000000000000e+01
-9.100000000000000311e-01 2.400000000000000000e+01
-8.900000000000000133e-01 2.000000000000000000e+01
-8.699999999999999956e-01 1.800000000000000000e+01
-8.499999999999999778e-01 1.500000000000000000e+01
-8.300000000000000711e-01 1.400000000000000000e+01
-8.100000000000000533e-01 1.500000000000000000e+01
-7.900000000000000355e-01 1.600000000000000000e+01
-7.700000000000000178e-01 1.300000000000000000e+01
-7.500000000000000000e-01 1.300000000000000000e+01
-7.299999999999999822e-01 1.800000000000000000e+01
-7.099999999999999645e-01 1.900000000000000000e+01
-6.899999999999999467e-01 1.500000000000000000e+01
-6.699999999999999289e-01 2.800000000000000000e+01
-6.499999999999999112e-01 1.900000000000000000e+01
-6.300000000000000044e-01 2.700000000000000000e+01
-6.099999999999999867e-01 2.700000000000000000e+01
-5.900000000000000799e-01 3.000000000000000000e+01
-5.700000000000000622e-01 2.400000000000000000e+01
-5.500000000000000444e-01 3.500000000000000000e+01
-5.300000000000000266e-01 3.500000000000000000e+01
-5.100000000000000089e-01 3.400000000000000000e+01
-4.899999999999999911e-01 2.400000000000000000e+01
-4.699999999999999734e-01 2.900000000000000000e+01
-4.499999999999999556e-01 2.500000000000000000e+01
-4.299999999999999933e-01 2.200000000000000000e+01
-4.100000000000000311e-01 3.600000000000000000e+01
-3.900000000000000133e-01 3.700000000000000000e+01
-3.699999999999999956e-01 6.000000000000000000e+01
-3.499999999999999778e-01 6.200000000000000000e+01
-3.299999999999999600e-01 1.110000000000000000e+02
-3.099999999999999423e-01 2.670000000000000000e+02
-2.899999999999999800e-01 3.840000000000000000e+02
-2.700000000000000178e-01 3.780000000000000000e+02
-2.500000000000000000e-01 3.890000000000000000e+02
-2.299999999999999822e-01 3.500000000000000000e+02
-2.099999999999999645e-01 4.450000000000000000e+02
-1.899999999999999467e-01 4.640000000000000000e+02
-1.699999999999999845e-01 3.680000000000000000e+02
-1.500000000000000222e-01 4.430000000000000000e+02
-1.300000000000000044e-01 3.900000000000000000e+02
-1.099999999999999867e-01 2.270000000000000000e+02
-8.999999999999996891e-02 1.780000000000000000e+02
-6.999999999999995115e-02 1.330000000000000000e+02
-4.999999999999998890e-02 1.270000000000000000e+02
-3.000000000000002665e-02 1.070000000000000000e+02
-1.000000000000000888e-02 1.120000000000000000e+02
1.000000000000000888e-02 1.150000000000000000e+02
3.000000000000002665e-02 1.200000000000000000e+02
5.000000000000004441e-02 1.070000000000000000e+02
7.000000000000006217e-02 8.400000000000000000e+01
9.000000000000007994e-02 9.700000000000000000e+01
1.100000000000000977e-01 8.300000000000000000e+01
1.300000000000001155e-01 8.500000000000000000e+01
1.500000000000000222e-01 8.800000000000000000e+01
1.699999999999999289e-01 7.200000000000000000e+01
1.899999999999999467e-01 7.500000000000000000e+01
2.099999999999999645e-01 6.800000000000000000e+01
2.299999999999999822e-01 6.400000000000000000e+01
2.500000000000000000e-01 6.300000000000000000e+01
2.700000000000000178e-01 7.500000000000000000e+01
2.900000000000000355e-01 8.100000000000000000e+01
3.100000000000000533e-01 5.600000000000000000e+01
3.300000000000000711e-01 4.800000000000000000e+01
3.500000000000000888e-01 6.100000000000000000e+01
3.700000000000001066e-01 5.600000000000000000e+01
3.900000000000001243e-01 4.100000000000000000e+01
4.100000000000000311e-01 4.600000000000000000e+01
4.299999999999999378e-01 3.600000000000000000e+01
4.499999999999999556e-01 4.200000000000000000e+01
4.699999999999999734e-01 3.600000000000000000e+01
4.899999999999999911e-01 3.300000000000000000e+01
5.100000000000000089e-01 4.600000000000000000e+01
5.300000000000000266e-01 4.700000000000000000e+01
5.500000000000000444e-01 4.100000000000000000e+01
5.700000000000000622e-01 3.900000000000000000e+01
5.900000000000000799e-01 2.600000000000000000e+01
6.100000000000000977e-01 3.600000000000000000e+01
6.300000000000001155e-01 3.600000000000000000e+01
6.500000000000001332e-01 3.000000000000000000e+01
6.700000000000000400e-01 3.400000000000000000e+01
6.899999999999999467e-01 2.900000000000000000e+01
7.099999999999999645e-01 2.000000000000000000e+01
7.299999999999999822e-01 2.700000000000000000e+01
7.500000000000000000e-01 3.700000000000000000e+01
7.700000000000000178e-01 2.600000000000000000e+01
7.900000000000000355e-01 1.900000000000000000e+01
8.100000000000000533e-01 2.400000000000000000e+01
8.300000000000000711e-01 2.500000000000000000e+01
8.500000000000000888e-01 2.400000000000000000e+01
8.700000000000001066e-01 2.300000000000000000e+01
8.900000000000001243e-01 1.500000000000000000e+01
9.100000000000000311e-01 1.800000000000000000e+01
9.299999999999999378e-01 1.400000000000000000e+01
9.499999999999999556e-01 1.200000000000000000e+01
9.699999999999999734e-01 1.600000000000000000e+01
9.899999999999999911e-01 8.000000000000000000e+00
