-9.899999999999999911e-01 2.700000000000000000e+01
-9.699999999999999734e-01 1.600000000000000000e+01
-9.499999999999999556e-01 1.400000000000000000e+01
-9.299999999999999378e-01 5.000000000000000000e+00
-9.100000000000000311e-01 2.000000000000000000e+00
-8.900000000000000133e-01 1.000000000000000000e+00
-8.699999999999999956e-01 0.000000000000000000e+00
-8.499999999999999778e-01 1.000000000000000000e+00
-8.300000000000000711e-01 2.000000000000000000e+00
-8.100000000000000533e-01 5.000000000000000000e+00
-7.900000000000000355e-01 0.000000000000000000e+00
-7.700000000000000178e-01 3.000000000000000000e+00
-7.500000000000000000e-01 0.000000000000000000e+00
-7.299999999999999822e-01 0.000000000000000000e+00
-7.099999999999999645e-01 1.000000000000000000e+00
-6.899999999999999467e-01 4.000000000000000000e+00
-6.699999999999999289e-01 3.000000000000000000e+00
-6.499999999999999112e-01 4.000000000000000000e+00
-6.300000000000000044e-01 2.000000000000000000e+00
-6.099999999999999867e-01 6.000000000000000000e+00
-5.900000000000000799e-01 4.000000000000000000e+00
-5.700000000000000622e-01 4.000000000000000000e+00
-5.500000000000000444e-01 3.000000000000000000e+00
-5.300000000000000266e-01 8.000000000000000000e+00
-5.100000000000000089e-01 6.000000000000000000e+00
-4.899999999999999911e-01 4.000000000000000000e+00
-4.699999999999999734e-01 9.000000000000000000e+00
-4.499999999999999556e-01 9.000000000000000000e+00
-4.299999999999999933e-01 8.000000000000000000e+00
-4.100000000000000311e-01 1.100000000000000000e+01
-3.900000000000000133e-01 1.200000000000000000e+01
-3.699999999999999956e-01 1.800000000000000000e+01
-3.499999999999999778e-01 1.800000000000000000e+01
-3.299999999999999600e-01 2.500000000000000000e+01
-3.099999999999999423e-01 2.400000000000000000e+01
-2.899999999999999800e-01 1.800000000000000000e+01
-2.700000000000000178e-01 2.400000000000000000e+01
-2.500000000000000000e-01 2.700000000000000000e+01
-2.299999999999999822e-01 3.100000000000000000e+01
-2.099999999999999645e-01 2.900000000000000000e+01
-1.899999999999999467e-01 6.600000000000000000e+01
-1.699999999999999845e-01 1.510000000000000000e+02
-1.500000000000000222e-01 3.240000000000000000e+02
-1.300000000000000044e-01 4.350000000000000000e+02
-1.099999999999999867e-01 4.500000000000000000e+02
-8.999999999999996891e-02 3.510000000000000000e+02
-6.999999999999995115e-02 3.920000000000000000e+02
-4.999999999999998890e-02 5.900000000000000000e+02
-3.000000000000002665e-02 7.310000000000000000e+02
-1.000000000000000888e-02 7.610000000000000000e+02
1.000000000000000888e-02 7.950000000000000000e+02
3.000000000000002665e-02 7.920000000000000000e+02
5.000000000000004441e-02 8.090000000000000000e+02
7.000000000000006217e-02 7.550000000000000000e+02
9.000000000000007994e-02 7.560000000000000000e+02
1.100000000000000977e-01 7.460000000000000000e+02
1.300000000000001155e-01 7.890000000000000000e+02
1.500000000000000222e-01 8.070000000000000000e+02
1.699999999999999289e-01 7.950000000000000000e+02
1.899999999999999467e-01 7.820000000000000000e+02
2.099999999999999645e-01 7.180000000000000000e+02
2.299999999999999822e-01 7.620000000000000000e+02
2.500000000000000000e-01 7.580000000000000000e+02
2.700000000000000178e-01 8.190000000000000000e+02
2.900000000000000355e-01 8.020000000000000000e+02
3.100000000000000533e-01 7.550000000000000000e+02
3.300000000000000711e-01 7.760000000000000000e+02
3.500000000000000888e-01 7.730000000000000000e+02
3.700000000000001066e-01 7.860000000000000000e+02
3.900000000000001243e-01 7.510000000000000000e+02
4.100000000000000311e-01 7.970000000000000000e+02
4.299999999999999378e-01 7.330000000000000000e+02
4.499999999999999556e-01 7.850000000000000000e+02
4.699999999999999734e-01 7.630000000000000000e+02
4.899999999999999911e-01 6.990000000000000000e+02
5.100000000000000089e-01 7.340000000000000000e+02
5.300000000000000266e-01 6.580000000000000000e+02
5.500000000000000444e-01 6.620000000000000000e+02
5.700000000000000622e-01 6.800000000000000000e+02
5.900000000000000799e-01 6.380000000000000000e+02
6.100000000000000977e-01 6.500000000000000000e+02
6.300000000000001155e-01 6.420000000000000000e+02
6.500000000000001332e-01 5.810000000000000000e+02
6.700000000000000400e-01 5.270000000000000000e+02
6.899999999999999467e-01 4.910000000000000000e+02
7.099999999999999645e-01 4.920000000000000000e+02
7.299999999999999822e-01 4.870000000000000000e+02
7.500000000000000000e-01 4.790000000000000000e+02
7.700000000000000178e-01 4.730000000000000000e+02
7.900000000000000355e-01 4.530000000000000000e+02
8.100000000000000533e-01 4.760000000000000000e+02
8.300000000000000711e-01 4.580000000000000000e+02
8.500000000000000888e-01 4.470000000000000000e+02
8.700000000000001066e-01 4.820000000000000000e+02
8.900000000000001243e-01 5.090000000000000000e+02
9.100000000000000311e-01 5.310000000000000000e+02
9.299999999999999378e-01 4.660000000000000000e+02
9.499999999999999556e-01 5.040000000000000000e+02
9.699999999999999734e-01 4.370000000000000000e+02
9.899999999999999911e-01 3.720000000000000000e+02
