-9.833333333333333925e-01 5.500000000000000000e+01
-9.499999999999999556e-01 1.130000000000000000e+02
-9.166666666666667407e-01 8.200000000000000000e+01
-8.833333333333333037e-01 8.800000000000000000e+01
-8.500000000000000888e-01 9.700000000000000000e+01
-8.166666666666666519e-01 1.060000000000000000e+02
-7.833333333333333259e-01 1.090000000000000000e+02
-7.500000000000000000e-01 1.050000000000000000e+02
-7.166666666666666741e-01 1.020000000000000000e+02
-6.833333333333333481e-01 1.160000000000000000e+02
-6.500000000000000222e-01 9.600000000000000000e+01
-6.166666666666666963e-01 1.150000000000000000e+02
-5.833333333333332593e-01 1.170000000000000000e+02
-5.500000000000000444e-01 1.540000000000000000e+02
-5.166666666666666075e-01 2.380000000000000000e+02
-4.833333333333333370e-01 2.900000000000000000e+02
-4.500000000000000111e-01 3.670000000000000000e+02
-4.166666666666666852e-01 4.870000000000000000e+02
-3.833333333333333592e-01 6.040000000000000000e+02
-3.500000000000000333e-01 8.660000000000000000e+02
-3.166666666666667074e-01 1.137000000000000000e+03
-2.833333333333333814e-01 1.461000000000000000e+03
-2.500000000000000555e-01 1.779000000000000000e+03
-2.166666666666666741e-01 1.918000000000000000e+03
-1.833333333333332926e-01 1.581000000000000000e+03
-1.499999999999999667e-01 1.021000000000000000e+03
-1.166666666666666408e-01 6.440000000000000000e+02
-8.333333333333331483e-02 2.450000000000000000e+02
-4.999999999999998890e-02 1.770000000000000000e+02
-1.666666666666666297e-02 1.590000000000000000e+02
1.666666666666660745e-02 1.740000000000000000e+02
4.999999999999993339e-02 1.410000000000000000e+02
8.333333333333337034e-02 1.230000000000000000e+02
1.166666666666666963e-01 1.110000000000000000e+02
1.500000000000000222e-01 1.050000000000000000e+02
1.833333333333333481e-01 9.200000000000000000e+01
2.166666666666666741e-01 1.060000000000000000e+02
2.500000000000000000e-01 8.900000000000000000e+01
2.833333333333333259e-01 7.400000000000000000e+01
3.166666666666666519e-01 6.800000000000000000e+01
3.499999999999999778e-01 5.400000000000000000e+01
3.833333333333333037e-01 6.700000000000000000e+01
4.166666666666666297e-01 5.700000000000000000e+01
4.499999999999999556e-01 6.100000000000000000e+01
4.833333333333332815e-01 3.800000000000000000e+01
5.166666666666666075e-01 4.500000000000000000e+01
5.499999999999999334e-01 3.600000000000000000e+01
5.833333333333333703e-01 3.800000000000000000e+01
6.166666666666666963e-01 3.600000000000000000e+01
6.500000000000000222e-01 3.600000000000000000e+01
6.833333333333333481e-01 3.500000000000000000e+01
7.166666666666666741e-01 3.100000000000000000e+01
7.500000000000000000e-01 4.100000000000000000e+01
7.833333333333333259e-01 3.500000000000000000e+01
8.166666666666666519e-01 3.400000000000000000e+01
8.499999999999999778e-01 2.000000000000000000e+01
8.833333333333333037e-01 2.300000000000000000e+01
9.166666666666666297e-01 1.500000000000000000e+01
9.499999999999999556e-01 1.600000000000000000e+01
9.833333333333332815e-01 9.000000000000000000e+00
