-9.899999999999999911e-01 2.040000000000000000e+02
-9.699999999999999734e-01 1.130000000000000000e+02
-9.499999999999999556e-01 7.100000000000000000e+01
-9.299999999999999378e-01 4.600000000000000000e+01
-9.100000000000000311e-01 2.400000000000000000e+01
-8.900000000000000133e-01 2.000000000000000000e+01
-8.699999999999999956e-01 1.400000000000000000e+01
-8.499999999999999778e-01 1.700000000000000000e+01
-8.300000000000000711e-01 1.500000000000000000e+01
-8.100000000000000533e-01 1.100000000000000000e+01
-7.900000000000000355e-01 9.000000000000000000e+00
-7.700000000000000178e-01 1.800000000000000000e+01
-7.500000000000000000e-01 1.200000000000000000e+01
-7.299999999999999822e-01 1.000000000000000000e+01
-7.099999999999999645e-01 1.600000000000000000e+01
-6.899999999999999467e-01 1.900000000000000000e+01
-6.699999999999999289e-01 1.700000000000000000e+01
-6.499999999999999112e-01 1.900000000000000000e+01
-6.300000000000000044e-01 2.900000000000000000e+01
-6.099999999999999867e-01 3.700000000000000000e+01
-5.900000000000000799e-01 3.700000000000000000e+01
-5.700000000000000622e-01 2.800000000000000000e+01
-5.500000000000000444e-01 4.200000000000000000e+01
-5.300000000000000266e-01 4.000000000000000000e+01
-5.100000000000000089e-01 3.500000000000000000e+01
-4.899999999999999911e-01 4.000000000000000000e+01
-4.699999999999999734e-01 5.200000000000000000e+01
-4.499999999999999556e-01 5.700000000000000000e+01
-4.299999999999999933e-01 6.400000000000000000e+01
-4.100000000000000311e-01 7.600000000000000000e+01
-3.900000000000000133e-01 8.100000000000000000e+01
-3.699999999999999956e-01 1.050000000000000000e+02
-3.499999999999999778e-01 1.060000000000000000e+02
-3.299999999999999600e-01 1.250000000000000000e+02
-3.099999999999999423e-01 1.560000000000000000e+02
-2.899999999999999800e-01 1.730000000000000000e+02
-2.700000000000000178e-01 2.040000000000000000e+02
-2.500000000000000000e-01 3.080000000000000000e+02
-2.299999999999999822e-01 4.340000000000000000e+02
-2.099999999999999645e-01 6.350000000000000000e+02
-1.899999999999999467e-01 9.150000000000000000e+02
-1.699999999999999845e-01 1.163000000000000000e+03
-1.500000000000000222e-01 1.240000000000000000e+03
-1.300000000000000044e-01 1.245000000000000000e+03
-1.099999999999999867e-01 1.205000000000000000e+03
-8.999999999999996891e-02 9.300000000000000000e+02
-6.999999999999995115e-02 1.045000000000000000e+03
-4.999999999999998890e-02 1.331000000000000000e+03
-3.000000000000002665e-02 1.537000000000000000e+03
-1.000000000000000888e-02 1.643000000000000000e+03
1.000000000000000888e-02 1.684000000000000000e+03
3.000000000000002665e-02 1.654000000000000000e+03
5.000000000000004441e-02 1.709000000000000000e+03
7.000000000000006217e-02 1.625000000000000000e+03
9.000000000000007994e-02 1.542000000000000000e+03
1.100000000000000977e-01 1.533000000000000000e+03
1.300000000000001155e-01 1.476000000000000000e+03
1.500000000000000222e-01 1.567000000000000000e+03
1.699999999999999289e-01 1.511000000000000000e+03
1.899999999999999467e-01 1.440000000000000000e+03
2.099999999999999645e-01 1.397000000000000000e+03
2.299999999999999822e-01 1.419000000000000000e+03
2.500000000000000000e-01 1.395000000000000000e+03
2.700000000000000178e-01 1.441000000000000000e+03
2.900000000000000355e-01 1.478000000000000000e+03
3.100000000000000533e-01 1.349000000000000000e+03
3.300000000000000711e-01 1.377000000000000000e+03
3.500000000000000888e-01 1.335000000000000000e+03
3.700000000000001066e-01 1.349000000000000000e+03
3.900000000000001243e-01 1.263000000000000000e+03
4.100000000000000311e-01 1.347000000000000000e+03
4.299999999999999378e-01 1.252000000000000000e+03
4.499999999999999556e-01 1.277000000000000000e+03
4.699999999999999734e-01 1.244000000000000000e+03
4.899999999999999911e-01 1.188000000000000000e+03
5.100000000000000089e-01 1.273000000000000000e+03
5.300000000000000266e-01 1.115000000000000000e+03
5.500000000000000444e-01 1.112000000000000000e+03
5.700000000000000622e-01 1.110000000000000000e+03
5.900000000000000799e-01 1.105000000000000000e+03
6.100000000000000977e-01 1.095000000000000000e+03
6.300000000000001155e-01 1.093000000000000000e+03
6.500000000000001332e-01 1.066000000000000000e+03
6.700000000000000400e-01 9.920000000000000000e+02
6.899999999999999467e-01 9.370000000000000000e+02
7.099999999999999645e-01 9.230000000000000000e+02
7.299999999999999822e-01 8.930000000000000000e+02
7.500000000000000000e-01 8.570000000000000000e+02
7.700000000000000178e-01 8.600000000000000000e+02
7.900000000000000355e-01 7.680000000000000000e+02
8.100000000000000533e-01 7.950000000000000000e+02
8.300000000000000711e-01 7.990000000000000000e+02
8.500000000000000888e-01 7.590000000000000000e+02
8.700000000000001066e-01 7.770000000000000000e+02
8.900000000000001243e-01 7.980000000000000000e+02
9.100000000000000311e-01 8.130000000000000000e+02
9.299999999999999378e-01 6.600000000000000000e+02
9.499999999999999556e-01 6.980000000000000000e+02
9.699999999999999734e-01 6.160000000000000000e+02
9.899999999999999911e-01 5.230000000000000000e+02
