-9.899999999999999911e-01 7.930000000000000000e+02
-9.699999999999999734e-01 4.770000000000000000e+02
-9.499999999999999556e-01 3.650000000000000000e+02
-9.299999999999999378e-01 2.670000000000000000e+02
-9.100000000000000311e-01 1.910000000000000000e+02
-8.900000000000000133e-01 2.130000000000000000e+02
-8.699999999999999956e-01 1.690000000000000000e+02
-8.499999999999999778e-01 1.930000000000000000e+02
-8.300000000000000711e-01 1.560000000000000000e+02
-8.100000000000000533e-01 1.770000000000000000e+02
-7.900000000000000355e-01 2.010000000000000000e+02
-7.700000000000000178e-01 1.790000000000000000e+02
-7.500000000000000000e-01 2.480000000000000000e+02
-7.299999999999999822e-01 2.330000000000000000e+02
-7.099999999999999645e-01 2.560000000000000000e+02
-6.899999999999999467e-01 2.750000000000000000e+02
-6.699999999999999289e-01 2.740000000000000000e+02
-6.499999999999999112e-01 3.020000000000000000e+02
-6.300000000000000044e-01 3.260000000000000000e+02
-6.099999999999999867e-01 3.540000000000000000e+02
-5.900000000000000799e-01 3.660000000000000000e+02
-5.700000000000000622e-01 3.740000000000000000e+02
-5.500000000000000444e-01 4.750000000000000000e+02
-5.300000000000000266e-01 5.020000000000000000e+02
-5.100000000000000089e-01 5.500000000000000000e+02
-4.899999999999999911e-01 5.300000000000000000e+02
-4.699999999999999734e-01 5.880000000000000000e+02
-4.499999999999999556e-01 7.120000000000000000e+02
-4.299999999999999933e-01 7.350000000000000000e+02
-4.100000000000000311e-01 8.160000000000000000e+02
-3.900000000000000133e-01 9.370000000000000000e+02
-3.699999999999999956e-01 1.033000000000000000e+03
-3.499999999999999778e-01 1.026000000000000000e+03
-3.299999999999999600e-01 1.156000000000000000e+03
-3.099999999999999423e-01 1.103000000000000000e+03
-2.899999999999999800e-01 1.136000000000000000e+03
-2.700000000000000178e-01 1.185000000000000000e+03
-2.500000000000000000e-01 1.105000000000000000e+03
-2.299999999999999822e-01 1.045000000000000000e+03
-2.099999999999999645e-01 8.060000000000000000e+02
-1.899999999999999467e-01 5.970000000000000000e+02
-1.699999999999999845e-01 3.570000000000000000e+02
-1.500000000000000222e-01 2.210000000000000000e+02
-1.300000000000000044e-01 1.710000000000000000e+02
-1.099999999999999867e-01 2.180000000000000000e+02
-8.999999999999996891e-02 2.270000000000000000e+02
-6.999999999999995115e-02 1.610000000000000000e+02
-4.999999999999998890e-02 1.330000000000000000e+02
-3.000000000000002665e-02 1.230000000000000000e+02
-1.000000000000000888e-02 1.280000000000000000e+02
1.000000000000000888e-02 1.450000000000000000e+02
3.000000000000002665e-02 1.450000000000000000e+02
5.000000000000004441e-02 1.220000000000000000e+02
7.000000000000006217e-02 1.060000000000000000e+02
9.000000000000007994e-02 1.140000000000000000e+02
1.100000000000000977e-01 1.120000000000000000e+02
1.300000000000001155e-01 9.100000000000000000e+01
1.500000000000000222e-01 8.800000000000000000e+01
1.699999999999999289e-01 7.500000000000000000e+01
1.899999999999999467e-01 7.500000000000000000e+01
2.099999999999999645e-01 7.000000000000000000e+01
2.299999999999999822e-01 7.400000000000000000e+01
2.500000000000000000e-01 6.300000000000000000e+01
2.700000000000000178e-01 4.500000000000000000e+01
2.900000000000000355e-01 5.400000000000000000e+01
3.100000000000000533e-01 6.500000000000000000e+01
3.300000000000000711e-01 4.500000000000000000e+01
3.500000000000000888e-01 3.900000000000000000e+01
3.700000000000001066e-01 5.100000000000000000e+01
3.900000000000001243e-01 4.500000000000000000e+01
4.100000000000000311e-01 4.000000000000000000e+01
4.299999999999999378e-01 4.900000000000000000e+01
4.499999999999999556e-01 3.600000000000000000e+01
4.699999999999999734e-01 3.400000000000000000e+01
4.899999999999999911e-01 4.400000000000000000e+01
5.100000000000000089e-01 3.100000000000000000e+01
5.300000000000000266e-01 3.300000000000000000e+01
5.500000000000000444e-01 3.800000000000000000e+01
5.700000000000000622e-01 2.800000000000000000e+01
5.900000000000000799e-01 2.500000000000000000e+01
6.100000000000000977e-01 3.400000000000000000e+01
6.300000000000001155e-01 3.100000000000000000e+01
6.500000000000001332e-01 3.200000000000000000e+01
6.700000000000000400e-01 4.800000000000000000e+01
6.899999999999999467e-01 3.300000000000000000e+01
7.099999999999999645e-01 4.100000000000000000e+01
7.299999999999999822e-01 3.500000000000000000e+01
7.500000000000000000e-01 2.800000000000000000e+01
7.700000000000000178e-01 3.300000000000000000e+01
7.900000000000000355e-01 3.300000000000000000e+01
8.100000000000000533e-01 3.100000000000000000e+01
8.300000000000000711e-01 4.700000000000000000e+01
8.500000000000000888e-01 2.700000000000000000e+01
8.700000000000001066e-01 2.200000000000000000e+01
8.900000000000001243e-01 1.800000000000000000e+01
9.100000000000000311e-01 2.100000000000000000e+01
9.299999999999999378e-01 9.000000000000000000e+00
9.499999999999999556e-01 1.800000000000000000e+01
9.699999999999999734e-01 1.400000000000000000e+01
9.899999999999999911e-01 1.900000000000000000e+01
