-9.833333333333333925e-01 3.900000000000000000e+01
-9.499999999999999556e-01 1.900000000000000000e+01
-9.166666666666667407e-01 6.000000000000000000e+00
-8.833333333333333037e-01 1.000000000000000000e+00
-8.500000000000000888e-01 2.000000000000000000e+00
-8.166666666666666519e-01 6.000000000000000000e+00
-7.833333333333333259e-01 1.000000000000000000e+00
-7.500000000000000000e-01 2.000000000000000000e+00
-7.166666666666666741e-01 1.000000000000000000e+00
-6.833333333333333481e-01 6.000000000000000000e+00
-6.500000000000000222e-01 6.000000000000000000e+00
-6.166666666666666963e-01 7.000000000000000000e+00
-5.833333333333332593e-01 5.000000000000000000e+00
-5.500000000000000444e-01 8.000000000000000000e+00
-5.166666666666666075e-01 1.200000000000000000e+01
-4.833333333333333370e-01 6.000000000000000000e+00
-4.500000000000000111e-01 1.700000000000000000e+01
-4.166666666666666852e-01 1.800000000000000000e+01
-3.833333333333333592e-01 2.600000000000000000e+01
-3.500000000000000333e-01 3.000000000000000000e+01
-3.166666666666667074e-01 4.100000000000000000e+01
-2.833333333333333814e-01 3.100000000000000000e+01
-2.500000000000000555e-01 4.500000000000000000e+01
-2.166666666666666741e-01 5.300000000000000000e+01
-1.833333333333332926e-01 1.480000000000000000e+02
-1.499999999999999667e-01 5.510000000000000000e+02
-1.166666666666666408e-01 7.270000000000000000e+02
-8.333333333333331483e-02 5.930000000000000000e+02
-4.999999999999998890e-02 9.620000000000000000e+02
-1.666666666666666297e-02 1.270000000000000000e+03
1.666666666666660745e-02 1.324000000000000000e+03
4.999999999999993339e-02 1.319000000000000000e+03
8.333333333333337034e-02 1.264000000000000000e+03
1.166666666666666963e-01 1.280000000000000000e+03
1.500000000000000222e-01 1.316000000000000000e+03
1.833333333333333481e-01 1.323000000000000000e+03
2.166666666666666741e-01 1.218000000000000000e+03
2.500000000000000000e-01 1.320000000000000000e+03
2.833333333333333259e-01 1.321000000000000000e+03
3.166666666666666519e-01 1.304000000000000000e+03
3.499999999999999778e-01 1.243000000000000000e+03
3.833333333333333037e-01 1.294000000000000000e+03
4.166666666666666297e-01 1.298000000000000000e+03
4.499999999999999556e-01 1.277000000000000000e+03
4.833333333333332815e-01 1.202000000000000000e+03
5.166666666666666075e-01 1.159000000000000000e+03
5.499999999999999334e-01 1.115000000000000000e+03
5.833333333333333703e-01 1.098000000000000000e+03
6.166666666666666963e-01 1.074000000000000000e+03
6.500000000000000222e-01 9.730000000000000000e+02
6.833333333333333481e-01 8.440000000000000000e+02
7.166666666666666741e-01 8.140000000000000000e+02
7.500000000000000000e-01 7.920000000000000000e+02
7.833333333333333259e-01 7.780000000000000000e+02
8.166666666666666519e-01 7.840000000000000000e+02
8.499999999999999778e-01 7.590000000000000000e+02
8.833333333333333037e-01 8.290000000000000000e+02
9.166666666666666297e-01 8.400000000000000000e+02
9.499999999999999556e-01 7.990000000000000000e+02
9.833333333333332815e-01 6.710000000000000000e+02
